12            
19            
2     0     4   1        
2     0     5   1
0      1    6   1
1      3    2   1
0      4    9   1
4      3    2   1
4      5    4   1
7      4    9   1
7      5    4   1
7      9    2   1
6      7    2   1
6     10    6   1
10    11    7   1
10     9    2   1
10     5    4   1
11     9    2   1
9     8     0   1
5     8     0   1
3     8     0   1
0             
-1             
0             
0             
0             
0             
0             
0             
0             
0             
0                         
1             
              
